epoch,loss,validation accuracy,best validation accuracy
0,2.3021341949314267,9.862012987012987,9.862012987012987
1,2.301927154714411,9.862012987012987,9.862012987012987
2,2.301725907759233,9.862012987012987,9.862012987012987
3,2.3016680773202474,9.862012987012987,9.862012987012987
4,2.3014211468882375,9.862012987012987,9.862012987012987
5,2.3013478656867883,9.862012987012987,9.862012987012987
6,2.30145018750971,9.862012987012987,9.862012987012987
7,2.301599326071801,9.862012987012987,9.862012987012987
8,2.3013072416379856,9.862012987012987,9.862012987012987
9,2.300985116463203,9.862012987012987,9.862012987012987
10,2.3003354691839837,9.862012987012987,9.862012987012987
11,2.2995196039026435,9.862012987012987,9.862012987012987
12,2.298297795382413,9.862012987012987,9.862012987012987
13,2.2968611593370314,9.862012987012987,9.862012987012987
